{
 "cells": [
  {
   "cell_type": "code",
   "execution_count": 2,
   "metadata": {},
   "outputs": [
    {
     "name": "stdout",
     "output_type": "stream",
     "text": [
      "[1 2 3 4 5]\n",
      "<class 'numpy.ndarray'>\n",
      "[[1 5 2]\n",
      " [4 7 4]\n",
      " [2 0 9]]\n",
      "(3, 3)\n",
      "Matrix Transpose:\n",
      " [[1 4 2]\n",
      " [5 7 0]\n",
      " [2 4 9]] \n",
      "\n",
      "Matrix Determinant: -105.00000000000006 \n",
      "\n",
      "Matrix inverse:\n",
      " [[-0.6         0.42857143 -0.05714286]\n",
      " [ 0.26666667 -0.04761905 -0.03809524]\n",
      " [ 0.13333333 -0.0952381   0.12380952]] \n",
      "\n",
      "Product of matrix and its inverse:\n",
      " [[1. 0. 0.]\n",
      " [0. 1. 0.]\n",
      " [0. 0. 1.]]\n",
      "Eigen Values: [-1.32455532 11.32455532  7.        ] \n",
      "\n",
      "Eigen Vectors:\n",
      " [[-0.91761521  0.46120352 -0.46829291]\n",
      " [ 0.35550789  0.79362022 -0.74926865]\n",
      " [ 0.17775394  0.39681011  0.46829291]]\n",
      "Getting SVD outputs:-\n",
      "\n",
      "U:\n",
      " [[ 0.3831556  -0.39279153  0.83600634]\n",
      " [ 0.68811254 -0.48239977 -0.54202545]\n",
      " [ 0.61619228  0.78294653  0.0854506 ]] \n",
      "\n",
      "S:\n",
      " [12.10668383  6.91783499  1.25370079] \n",
      "\n",
      "VT:\n",
      " [[ 0.36079164  0.55610321  0.74871798]\n",
      " [-0.10935467 -0.7720271   0.62611158]\n",
      " [-0.92621323  0.30777163  0.21772844]] \n",
      "\n",
      "Data:  [ 4 11 18 13  3 15  7 16 17  6  1 16 19 19 19]\n",
      "Mean: 12.266666666666667\n",
      "Median: 15.0\n",
      "Mode: ModeResult(mode=array([19]), count=array([3]))\n",
      "Standard Deviation: 6.201791855764124\n",
      "Variance: 38.462222222222216\n",
      "Skew: -0.5169984738775314\n",
      "Kurtosis: -1.2575629325945736\n"
     ]
    }
   ],
   "source": [
    "## vectors\n",
    "\n",
    "x = [1, 2, 3, 4, 5]\n",
    "x\n",
    "\n",
    "# using numpy\n",
    "import numpy as np\n",
    "x = np.array([1, 2, 3, 4, 5])\n",
    "\n",
    "print(x)\n",
    "print(type(x))\n",
    "\n",
    "## matrices\n",
    "\n",
    "m = np.array([[1, 5, 2],\n",
    "              [4, 7, 4],\n",
    "              [2, 0, 9]])\n",
    "\n",
    "# view matrix\n",
    "print(m)\n",
    "\n",
    "# view dimensions\n",
    "print(m.shape)\n",
    "\n",
    "# matrix transpose\n",
    "print('Matrix Transpose:\\n', m.transpose(), '\\n')\n",
    "\n",
    "# matrix determinant\n",
    "print ('Matrix Determinant:', np.linalg.det(m), '\\n')\n",
    "\n",
    "# matrix inverse\n",
    "m_inv = np.linalg.inv(m)\n",
    "print ('Matrix inverse:\\n', m_inv, '\\n')\n",
    "\n",
    "# identity matrix (result of matrix x matrix_inverse)\n",
    "iden_m =  np.dot(m, m_inv)\n",
    "iden_m = np.round(np.abs(iden_m), 0)\n",
    "print ('Product of matrix and its inverse:\\n', iden_m)\n",
    "\n",
    "# eigendecomposition\n",
    "m = np.array([[1, 5, 2],\n",
    "              [4, 7, 4],\n",
    "              [2, 0, 9]])\n",
    "\n",
    "eigen_vals, eigen_vecs = np.linalg.eig(m)\n",
    "\n",
    "print('Eigen Values:', eigen_vals, '\\n')\n",
    "print('Eigen Vectors:\\n', eigen_vecs)\n",
    "\n",
    "# SVD (Singular Value Decomposition)\n",
    "m = np.array([[1, 5, 2],\n",
    "              [4, 7, 4],\n",
    "              [2, 0, 9]])\n",
    "\n",
    "U, S, VT = np.linalg.svd(m)\n",
    "\n",
    "print ('Getting SVD outputs:-\\n')\n",
    "print('U:\\n', U, '\\n')\n",
    "print('S:\\n', S, '\\n')\n",
    "print('VT:\\n', VT, '\\n')\n",
    "\n",
    "# descriptive statistics\n",
    "import scipy as sp\n",
    "import numpy as np\n",
    "from scipy import stats\n",
    "\n",
    "# get data\n",
    "nums = np.random.randint(1,20, size=(1,15))[0]\n",
    "print('Data: ', nums)\n",
    "\n",
    "# get descriptive stats\n",
    "print ('Mean:', sp.mean(nums))\n",
    "print ('Median:', sp.median(nums))\n",
    "print ('Mode:', sp.stats.mode(nums))\n",
    "print ('Standard Deviation:', sp.std(nums))\n",
    "print ('Variance:', sp.var(nums))\n",
    "print ('Skew:', sp.stats.skew(nums))\n",
    "print ('Kurtosis:', sp.stats.kurtosis(nums))"
   ]
  },
  {
   "cell_type": "code",
   "execution_count": null,
   "metadata": {},
   "outputs": [],
   "source": []
  }
 ],
 "metadata": {
  "kernelspec": {
   "display_name": "Python 3",
   "language": "python",
   "name": "python3"
  },
  "language_info": {
   "codemirror_mode": {
    "name": "ipython",
    "version": 3
   },
   "file_extension": ".py",
   "mimetype": "text/x-python",
   "name": "python",
   "nbconvert_exporter": "python",
   "pygments_lexer": "ipython3",
   "version": "3.6.5"
  }
 },
 "nbformat": 4,
 "nbformat_minor": 2
}
